49.90    
49.90    
49.95    
56.25    
78.28
78.28   
131.53   
131.53   
200.26   
246.21
246.21   
278.04   
315.81   
353.34   
353.35
523.52   
523.52   
589.37   
590.59   
590.59
625.32  
625.33   
660.27   
739.70   
846.48
846.49   
905.35   
906.58   
906.58   
945.80
945.81   
965.69  
1023.69  
1032.87  
1032.87
1045.20  
1111.95  
1111.96  
1145.60  
1145.60
1159.15  
1163.11  
1265.66  
1267.46  
1267.46
1374.90  
1374.90  
1376.60  
1398.36  
1401.01
1401.01  
1442.61  
1442.61  
1443.75  
1458.66
1458.66  
1460.94  
1472.68  
1506.98  
1506.98
1527.46  
1566.38  
1566.38  
1578.32  
1601.65
1601.65  
1690.30  
1703.23  
1703.23  
1703.23
1731.62  
1731.62  
1736.64  
1865.39  
1865.39
1901.48  
1919.44  
1919.45  
1940.82  
1942.72
1942.72  
1969.52  
1985.64  
1985.65  
2107.90
2113.17  
2113.17  
2194.91  
2194.91  
2200.53
2316.06  
2318.96  
2318.96  
2362.51  
2362.51
2364.67  
4556.57  
4556.57  
4556.63  
4569.33
4569.49  
4569.49  
4581.78  
4581.78  
4581.97
4592.40  
4592.76  
4592.76  
4601.79  
4601.79
4602.13
